오전 과제

​

In [3]:

import numpy as np

In [4]:

dan2 = [i*2 for i in range(1,10)] dan3 = [i*3 for i in range(1,10)] dan4 = [i*4 for i in range(1,10)] dan5 = [i*5 for i in range(1,10)] dan6 = [i*6 for i in range(1,10)] dan7 = [i*7 for i in range(1,10)] dan8 = [i*8 for i in range(1,10)] dan9 = [i*9 for i in range(1,10)]

In [5]:

gdan = np.array([dan2, dan3, dan4, dan5, dan6, dan7, dan8, dan9])

In [6]:

gdan

Out[6]:

array([[ 2, 4, 6, 8, 10, 12, 14, 16, 18], [ 3, 6, 9, 12, 15, 18, 21, 24, 27], [ 4, 8, 12, 16, 20, 24, 28, 32, 36], [ 5, 10, 15, 20, 25, 30, 35, 40, 45], [ 6, 12, 18, 24, 30, 36, 42, 48, 54], [ 7, 14, 21, 28, 35, 42, 49, 56, 63], [ 8, 16, 24, 32, 40, 48, 56, 64, 72], [ 9, 18, 27, 36, 45, 54, 63, 72, 81]])

In [7]:

gdan.astype(np.int16)

Out[7]:

array([[ 2, 4, 6, 8, 10, 12, 14, 16, 18], [ 3, 6, 9, 12, 15, 18, 21, 24, 27], [ 4, 8, 12, 16, 20, 24, 28, 32, 36], [ 5, 10, 15, 20, 25, 30, 35, 40, 45], [ 6, 12, 18, 24, 30, 36, 42, 48, 54], [ 7, 14, 21, 28, 35, 42, 49, 56, 63], [ 8, 16, 24, 32, 40, 48, 56, 64, 72], [ 9, 18, 27, 36, 45, 54, 63, 72, 81]], dtype=int16)

In [8]:

gdan[1]+50

Out[8]:

array([53, 56, 59, 62, 65, 68, 71, 74, 77])

In [9]:

gdan[3]*100

Out[9]:

array([ 500, 1000, 1500, 2000, 2500, 3000, 3500, 4000, 4500])

In [10]:

gdan.reshape(6, 12)

Out[10]:

array([[ 2, 4, 6, 8, 10, 12, 14, 16, 18, 3, 6, 9], [12, 15, 18, 21, 24, 27, 4, 8, 12, 16, 20, 24], [28, 32, 36, 5, 10, 15, 20, 25, 30, 35, 40, 45], [ 6, 12, 18, 24, 30, 36, 42, 48, 54, 7, 14, 21], [28, 35, 42, 49, 56, 63, 8, 16, 24, 32, 40, 48], [56, 64, 72, 9, 18, 27, 36, 45, 54, 63, 72, 81]])

In [ ]:

오후 과제 

​

np3 = np.arange(10, 241, 10) 

np33 = np3.reshape(2, 12)

 np333 = np33.reshape(2, 3, 4)

​

 1 

​

np333[0,0,2]

​

 2 

​

np333[0,2,:] 

​

3

​

 np333[1,1:3,:2] 

​

4 

​

np333[1, 1:3, 2:] = np333[1, 1:3, 2:] - 40

 np333[0:2, 1:3, 2:]
